11212.534345797749
11212.534345797749
11212.53434579775
11212.534345797749
11212.534345797749
11212.534345797749
11212.534345797749
11212.534345797749
11212.809359807357
11212.534345797749
11212.534345797749
11212.534345836542
11212.534345797749
11212.534345797749
11212.534345797754
11212.534345797749
11212.534345797749
11212.534345797749
11212.534345797749
11212.534345803551
11212.534345797749
11211.980807028916
11211.980807028916
11211.980807028916
11211.980807028916
11211.980807028916
11211.980807028916
11211.980807028849
11211.980807028849
11211.980807028849
11211.980807028849
11211.980807028849
11211.98080700974
11211.980807009699
11211.980807009699
11211.980807009699
11211.980807009699
11211.980807009699
11211.980807009699
11211.980807009699
11211.980807009699
11211.980807009699
11211.980807009699
11211.980807009699
11211.980807009699
11211.980807009699
11211.980807009699
11211.980807009539
11211.980807009539
11211.980523700857
11211.980523700855
11211.980523700855
11211.980523700855
11211.980626982886
11211.980523700855
11211.980523700855
11211.980523700855
11211.980523700855
11211.980523700855
11211.980523700855
11211.980523700855
11211.980523700855
11211.980523697268
11211.980523697268
11212.1776884177
11211.980523684831
11211.980523684831
11211.980523684831
11211.980523684831
11211.980523684831
11211.980523684831
11211.980523684831
11211.980523684831
11211.980523703358
11211.980523684831
11211.980523684831
11211.980523684831
11211.980523684831
11211.980523684831
11211.980523684831
11211.980523684831
11211.980523684831
11211.980523684831
11211.980523684831
11211.980523686218
11211.980523684831
11211.980523684831
11211.980523684831
11211.980523684831
11211.995953808067
11211.984044314348
11211.980523684831
11211.980523684831
11211.980523684831
11211.980523684831
11211.980523684831
11211.980523684831
11211.980523684831
11211.980523684831
11211.980523684831
11211.980523684831
11211.980523684831
11211.980523684831
11211.980523684831
11211.980523684831
11211.980523684831
11211.980523684831
11211.980523684831
11211.980523684831
11211.980523684831
11211.980523684831
11211.980523684831
11211.980523684831
11211.980523684831
11211.980523684831
11211.980523684831
11211.980523684831
11211.980523634604
11211.980523634604
11211.980523634737
11211.980523634604
11211.980523634604
11211.980523634415
11211.980523634415
11211.980523634415
11211.980523632821
11211.980523632821
11211.980523632821
11211.980523632821
11211.980523944814
11211.980523632821
11211.980523632821
11211.980523632821
11211.980523632821
11211.980523549879
11211.980523549879
11211.980523549879
11211.980523549879
11211.980523549879
11211.902321317517
11211.902321317517
11211.902321317517
11211.902321317517
11211.902321317517
11211.902321317517
11211.902321317517
11211.902321317517
11212.112391031536
11211.902321317517
11211.902321317517
11211.902321317517
11211.902321317517
11211.902321317517
11211.902321317517
11211.902321317517
11211.902321317517
11211.902321317517
11211.902321317517
11211.902321317517
11211.902321317517
11211.902321317517
11211.902321317517
11211.902321317517
11211.1806027215
11211.1806027215
11211.1806027215
11211.1806027215
11211.1806027215
11211.1806027215
11211.1806027215
11211.1806027215
11211.206343137317
11211.1806027215
11211.1806027215
11211.1806027215
11211.1806027215
11211.1806027215
11211.1806027215
11211.1806027215
11211.1806027215
11211.18047710375
11211.18047710375
11211.180477103622
11211.180477103497
11211.180477103497
11211.180477103497
11211.180477103497
11211.180477103497
11211.180477103497
11211.180477103497
11211.180477103497
11211.180477103497
11211.180477103497
11211.180477103497
11211.180477103497
11211.180477103497
11211.180477103497
11210.811258857804
11210.811258857804
11210.811258857804
11210.811258851854
11210.811258851854
11210.811258851854
11210.811258851854
11210.811258851854
11210.811258851854
11210.811258851854
11210.811258851854
11210.811258851854
11210.811258851843
11210.811258851843
11210.811258922093
11210.811258851843
11210.811258851843
11210.81125885185
11210.811258851843
11210.811258851843
11210.811258851843
11210.811258851843
11210.811258851843
11210.811258851843
11210.811258851843
11210.811258851843
11211.040479890731
11210.811258851843
11210.811258851843
11210.811258851843
11210.811337095307
11210.811258853295
11210.811258851843
11210.811258851843
11210.811258851843
11210.811258839649
11210.811258839649
11210.811258839649
11210.811258839649
11210.811258839649
11210.811258839649
11209.564855190685
11209.564855190685
11209.564855190685
11209.564855190685
11208.853393211784
11208.853393211784
11208.853393211784
11208.853393211784
11208.853393211784
11208.853393211784
11208.853393211784
11208.853393211784
11208.853393211784
11208.853393211784
11208.853393211784
11208.853393211784
11208.853393211784
11208.853393211784
11208.853393211784
11208.853393211784
11208.853393211784
11208.853393211784
11208.853393211779
11208.853393211779
11208.853393211779
11208.853393211779
11208.85339321185
11208.853393211779
11208.853393211779
11208.853393211779
11208.853393211779
11208.853393211779
11208.853393211779
11208.853393211779
11208.853393211779
11208.853393211779
11208.853393211779
11208.853393211779
11208.853393211779
11208.853393211779
11208.853393211779
11208.853393211779
11208.853393211779
11208.853393581028
11208.853393211779
11208.218355864385
11208.391629332873
11208.21835567054
11208.21835567054
11208.21835567054
11208.21835567054
11208.21835567054
11208.21835567054
11208.21835567054
11208.21835567054
11208.21835567054
11208.21835567054
11208.5654155989
11208.21835567054
11208.21835567054
11208.21835567054
11208.21835567054
11208.21835567054
11208.21835567054
11208.218355670533
11208.218355668421
11208.218355668421
11208.218355668421
11208.218355668421
11208.218355668421
11208.218355668421
11208.218355668421
11208.218355668421
11208.218355668421
11208.21835566842
11208.21835566842
11208.21835566842
11208.21835566842
11208.21835566842
11208.21835566842
11208.21835566842
11208.218355668161
11208.218355688303
11208.218355668161
11208.218355668161
11208.218355674779
11208.218355668161
11208.218355668161
11208.218355668161
11208.218355668161
11208.218355668161
11208.218355668161
11214.423692274662
11208.21615469551
11208.21615469551
11208.21615469551
11208.21615469551
11208.21615469551
11208.21615469551
11208.21615469551
11208.216154725658
11208.21615469551
11207.094887605484
11207.094887605484
11207.094887605484
11207.094887605484
11207.094887605484
11207.094887605484
11208.047829979467
11207.094887605484
11207.094887605484
11207.094887605484
11207.094887605484
11207.094887605484
11207.094887605484
11207.094887605484
11207.094887605484
11207.094887605484
11207.094887605484
11207.094887605484
11207.094887605484
11207.094887605484
11207.094887605484
11207.094887605484
11207.094887605484
11207.094887605484
11207.094887605484
11207.094887605484
11207.094887605484
11207.094888991447
11207.094887605484
11207.094887605484
11207.094887605484
11207.09488762003
11207.094887605484
11207.094887605543
11207.094887605484
11207.094887605484
11207.094887605484
11207.094887605484
11207.094887605484
11207.094887605357
11207.094887605357
11207.09573171543
11207.094887605357
11207.094887605357
11207.094887605357
11207.094887605357
11207.094887605357
11207.094887605357
11207.094950652856
11207.094887605357
11207.094887605357
11207.094887605357
11207.094887605357
11207.094887605357
11207.094887605357
11207.094887605357
11207.094887605357
11207.094887605357
11207.09490424759
11207.094887605357
11207.094887605357
11207.09496411929
11207.094887605488
11207.094887605357
11207.094887605357
11207.094887605357
11207.094887605357
11207.094887605357
11207.094887605357
11207.094887605357
11207.094887605357
11207.094887605357
11207.094887359655
11207.094887359655
11207.094887359655
11207.094887359655
11207.094887359655
11207.094887359655
11207.094887359655
11207.094887359655
11207.094887359655
11207.094887359655
11207.094887359652
11207.094887359652
11207.094887359652
11207.094887359652
11207.094887359652
11207.094989272751
11207.094887359652
11207.094887359652
11207.094887359652
11207.094887359652
11207.094887359652
11207.094887359652
11207.094887359652
11207.094887359652
11207.094887359652
11207.094887359652
11207.094887359652
11207.094887357058
11207.094887357058
11207.094887357058
11207.094887357058
11207.094887357058
11207.094887357065
11207.094887357058
11207.094887357058
11207.094887357058
11207.094887357058
11207.094887357058
11207.09488735855
11207.094887357058
11207.094887357058
11207.094887357058
11207.094887357058
11207.094887356952
11207.094887356952
11207.094887356952
11207.094887295125
11207.906108960386
11207.094887295123
11207.09488729512
11207.09488729512
11207.09488918594
11207.094887295156
11207.09488729512
11207.09488729512
11207.09488729512
11207.09488729512
11207.09488729512
11207.09488729512
11207.094887280336
11207.094887280336
11207.094887280336
11207.094887280336
11207.094887280336
11207.094887280336
11207.094887280136
11207.094887312498
11207.094887280136
11207.094887280136
11207.094887280136
11207.094887280136
11207.094887280136
11207.094887280136
11207.094887280136
11207.094887280136
11207.094887280136
11207.094887280136
11207.094887280136
11207.09488728013
11207.094887319685
11207.094887278869
11207.094887278869
11207.094887278869
11207.094887278869
11207.094887278869
11207.094887278869
11207.094887278869
11207.094887278869
11207.095184232921
11207.094887278869
11207.094887278869
11207.84421136236
11207.094887278869
11207.094568368027
11207.094568368027
11207.094568368027
11207.094568366712
11207.094568366712
11207.094568366712
11207.094568366712
11207.094568366712
11207.094568366712
11207.094610680724
11207.094568366712
11207.094568366712
11207.094568366712
11207.094568366703
11207.094568366703
11207.094568366703
11206.351732839581
11206.351732839581
11206.35172211711
11206.35172211711
11206.35172211711
11200.924927426724
11200.924927426724
11200.924927426724
11200.924927426724
11200.924927426724
11200.924927426724
11200.924927426724
11200.924927426724
11200.92492739902
11200.92492739902
11200.92492739902
11200.924927398948
11199.197766148243
11219.526235816928
11199.197766148243
11199.197766148243
11199.197766148243
11199.197766148243
11199.197766148243
11199.197766148243
11199.197766162144
11199.197766148243
11199.197766148243
11199.197766148243
11199.197766148243
11199.353724943641
11199.197766148243
11199.197766148243
11199.197766148243
11199.197766148243
11199.197766148243
11199.197766148243
11199.197766148243
11199.197766148243
11199.197766148247
11199.197766148254
11199.197766133986
11199.197766133986
11199.197766133986
11199.197766133986
11199.197766133986
11199.197766159066
11199.197766133986
11199.197766133986
11199.197766133986
11199.197766133986
11199.197766133986
11199.197766133986
11199.197766133986
11199.197766133986
11199.197766133986
11199.197766133986
11199.197766133986
11199.197766133986
11199.197766133986
11199.197766133986
11199.197766133986
11199.197766133986
11199.197766133986
11199.197766133986
11199.197766133986
11199.197766133986
11199.197766133986
11199.197646330607
11199.197646330607
11199.197646330607
11199.197646330607
11199.197646330607
11199.197646330607
11199.197646330607
11199.197646330607
11199.197646330607
11199.197646330607
11199.197646330607
11202.917749252429
11199.197646330607
11199.197645365795
11199.197645365795
11199.197645365795
11199.197645365795
11199.197645365795
11199.197645365795
11199.197645365795
11199.197645365795
11199.197645365795
11199.197645365795
11199.197645366632
11199.197645365795
11199.197645365795
11199.197645365795
11199.197645365784
11199.197645365784
11199.197645365784
11199.197645365784
11199.197645365784
11199.197645365784
11199.197645365784
11199.197645365784
11199.197645365784
11199.197645365784
11199.197645365784
11199.197645365784
11199.197645365784
11199.197645365784
11199.197645366508
11199.197645365784
11199.197645365784
11199.197645365784
11199.197645399137
11199.197645365784
11199.197645365784
11199.197645365784
11199.197645365239
11199.197645365239
11199.197645365239
11199.197645365239
11199.197645365239
11199.197645365659
11199.197645365239
11199.197645365237
11199.197645365237
11199.197645365237
11198.9116143944
11198.9116143944
11198.9116143944
11198.9116143944
11198.9116143944
11198.9116143944
11198.9116143944
11198.9116143944
11198.9116143944
11198.9116143944
11198.9116143944
11198.9116143944
11198.9116143944
11198.9116143944
11198.9116143944
11198.9116143944
11198.9116143944
11198.9116143944
11198.9116143944
11198.9116143944
11198.9116143944
11198.9116143944
11198.9116143944
11198.9116143944
11198.9116143944
11198.9116143944
11198.9116143944
11198.9116143944
11198.9116143944
11198.9116143944
11198.9116143944
11198.9116143944
11198.91161436645
11198.91161436645
11198.91161436645
11198.91161436645
11198.91161436645
11198.91161436645
11198.91161436645
11198.91161436645
11198.911614366372
11198.911614366372
11198.911614366372
11198.911614366372
11198.911614415945
11198.911614366372
11198.911614366372
11198.911614366372
11198.911614366372
11198.911614366372
11198.911614366372
11198.911614366372
11198.911614366372
11198.911614366372
11198.911614366372
11198.911614366361
11198.911614366361
11198.911614366361
11198.911614366361
11198.911614366361
11198.91173376763
11198.911614366361
11198.911614366361
11198.911614366361
11198.911614366361
11198.911614366361
11198.911614366361
11198.911614366361
11198.911614366361
11198.911614366361
11198.911614366361
11198.911614366361
11198.911614366361
11198.911614366361
11198.911614366361
11198.911614363322
11198.911614363322
11198.911614363322
11198.911614350716
11198.91161483305
11198.911614350716
11198.911614350716
11198.911614350716
11198.911614350716
11198.911614321541
11198.911614321541
11198.911614321541
11198.91161444535
11198.911614321541
11198.911614321541
11198.911614321541
11198.911614321541
11198.911614321541
11198.911614321541
11198.911614321541
11198.911614321541
11198.911614321636
11198.911614321541
11198.911614321541
11198.911614321541
11198.911614321541
11198.911614321541
11198.911614321541
11198.911614321541
11198.911614321541
11198.911614321541
11198.911614321541
11198.911614321554
11198.911614082872
11199.065934458333
11198.911614082872
11198.911614140647
11198.911614082872
11198.911614082872
11198.911614082872
11198.911614072915
11198.911614072915
11198.911614072915
11198.911614072915
11198.911614072915
11198.911614072915
11198.911614072915
11198.911614072915
11198.911614072915
11198.911614072915
11199.167772498919
11198.911444334186
11198.911444334186
11198.911444334186
11198.911444334186
11198.911444334186
11198.911444334186
11198.911444334186
11198.911444334186
11198.911444334186
11198.911589597257
11198.911450761098
11198.911447720351
11198.911444334186
11198.911444335823
11198.911444334186
11198.911444334186
11198.911444334186
11198.911444334186
11198.911444334186
11198.911444334186
11198.911444334186
11198.911444334186
11199.766997440662
11198.911444334186
11198.911444334186
11198.911444334186
11198.911444334186
11198.911444334186
11198.911444334186
11198.911444334186
11198.911444334186
11198.911444334186
11198.911444334186
11198.911444334186
11198.911444334186
11198.911444334186
11198.911444334186
11198.911444334186
11198.911444334186
11198.911444334186
11198.911444334186
11198.911444334186
11198.692367775997
11198.692367775997
11198.692367775997
11198.692367765381
11198.965294255468
11198.692367765381
11198.692367765534
11198.692367765381
11198.692367765381
11198.692367765381
11198.692367758116
11198.692367758116
11198.692367758116
11198.692367768233
11198.692367758116
11198.692367758116
11198.692367758116
11198.692367759677
11198.69236786583
11198.692367758116
11198.692367758116
11198.692367758116
11198.692367758116
11198.367053454022
11198.367053454022
11198.367053454022
11198.367053454022
11198.367053454022
11198.367053454022
11198.367053457363
11198.367053454022
11198.367053454022
11198.367053454022
11198.367053454022
11198.367053454022
11198.367053454022
11198.367053454022
11016.279532446066
11016.279532446066
11016.27953244601
11016.234787144462
11016.234787144462
11016.234787144462
11016.234787144462
11016.234787144462
11016.234787144462
11016.234787327428
11016.234787144462
11016.234787144462
11016.234787144462
11016.234787144462
11016.234787144462
11016.234787144462
11016.234805220096
11016.234787144462
11016.234789117621
11016.234787144462
11016.234787144462
11016.234787144462
11016.234787144462
11016.234787144462
11016.234787144462
11016.234787144462
11016.234787144462
11016.234787144178
11016.234787144178
11016.234787144178
11016.234787144178
11016.234787144178
11016.234787144178
11016.234787144178
11016.298022041918
11016.234787144178
11015.78354389778
11007.531887860821
11007.531887860821
11007.531887860821
11007.531887860821
11007.527100843356
11007.527100843356
11007.527100843356
11007.527100843356
11007.52710084433
11007.527100841238
11007.527100841238
11007.527100841238
11007.527100841238
11007.527103832439
11007.527100841238
11007.527100841238
11007.527100841238
11007.527100841238
11007.527100841238
11007.527100841238
11007.527100841238
11007.527100888841
11007.527100841238
11007.527100841238
11007.527100841238
11007.527100841238
11007.527100841238
11007.527100841238
11007.527100841238
11007.527100841238
11007.527100841238
11007.527100841238
11002.721490222466
11002.721490222564
11002.721490222466
11002.721490222466
11002.721490216783
11002.721490216783
11002.721490216783
11002.74120524116
11002.721479288659
11002.721479288659
11002.721479302669
11002.721479286318
11002.721479286318
11002.721479286318
11002.721479286318
11002.721479286318
11002.721479286318
11002.721479286318
11002.721479286318
11002.721479286318
11002.721479286318
11002.721479286318
11002.721479286318
11002.721479286318
11002.721479286318
11002.721480724997
11002.721479286318
11002.721479286318
11002.721479286318
11002.721479286318
11002.721479286318
11002.721479286318
11002.721479286318
11002.721479286318
11002.721479286318
11002.721479286318
11002.721479286318
11002.721479286318
11002.721479286318
11002.721479286318
11002.721479286318
11002.721479286318
11002.721479286318
11002.721479286318
11002.721479286392
11002.72147928632
11002.721479286318
11002.721479286318
11002.721479286318
11002.721479286318
11002.721479286318
11002.721479286318
11002.748236972075
11002.721479286318
11002.721479286318
11002.721479286318
11002.721479286318
11002.721479286318
11002.721479286318
11002.721479286318
11002.721479286318
11002.721479286318
11002.721479286318
11002.721479286318
11002.721479286318
11002.721479286318
11002.721479286318
11002.721479286318
11002.721479286318
11002.721479286318
11002.721479334376
11002.721479286318
11002.722303644703
11002.721479286318
11002.721479286318
11002.721479286318
11002.721479286318
11002.721479286318
11002.721479286318
11002.721479286318
11002.721479286318
11002.721479286318
11002.721479286318
11002.721479287531
11002.721479286318
11002.721479286318
11002.721479286318
11002.71547631506
11002.715476370246
11003.25309699475
11002.71547631506
11002.71547631506
11002.71547631506
11002.71547631506
11002.71547631506
11002.71547631506
11002.71547631506
11002.71547631506
11002.71547027183
11002.71547027183
11002.71547027183
11002.71547027183
11002.71547027183
11002.71547027183
11002.71547027183
11002.71547027183
11002.71547027183
11002.71547027183
11002.71547027183
11002.71547027183
11002.71547027183
11002.71547027183
11002.71547027183
11002.71547027183
11002.71547027183
11002.71547027183
11002.71547027183
11002.715470272402
11002.71547027183
11002.533382751937
11002.533382751937
11002.533382762429
11002.542558806508
11002.533382751937
11002.533382751937
11002.157081861584
11002.157081861584
11002.157081861584
11002.157081861584
11002.157081861584
11002.157081861584
11002.157081861584
11001.860581704084
11001.860581704084
11001.860581704084
11001.860581704086
11001.860581704084
11001.860581704084
11001.860581704084
11001.860581704084
11001.860466717131
11001.860466717135
11001.860466717131
11001.860466717131
11001.860466717131
11001.860466717131
11001.860466717131
11001.860466717131
11001.860466717131
11001.860466757056
11001.860466714448
11001.860466714448
11001.860466714448
11001.860466714448
11001.860466714448
11001.860466714448
11001.860466704307
11001.860466704307
11001.860466704307
11001.860466704307
11001.860466704307
11001.860466704307
11001.860466737362
11001.860466704307
11002.618872976973
11001.860466704307
11001.860466704307
11001.860466704307
11001.860466704307
11001.860466704307
11001.86046670431
11001.860466704307
11001.860466704307
11001.860466704307
11001.860468522309
11001.860466734612
11001.860466704307
11001.860466704307
11001.860466704307
11001.860466704307
11001.860466668171
11001.860466666283
11001.860466666283
11001.860466666283
11001.860466666283
11001.860466666283
11001.860466666283
11001.860466666283
11001.860466666283
11001.860466666283
11001.860466666283
11001.860466666283
11001.860466666283
11001.860466666283
11001.860466666283
11001.860466666283
11001.860466666158
11001.860466666158
11001.860466666158
11001.860466666158
11001.860466666158
10997.464523251403
10997.464523251403
10997.464523251403
10997.46452325109
10997.46452325109
10997.46452325109
10997.46452325109
10994.463048275291
10994.463048275291
10994.463048275367
10994.463048275291
10994.463048275291
10994.463048275291
10994.463048275291
10994.463048275291
10994.463048275291
10993.754150753812
10993.754150726134
10993.754150726134
10993.754150726134
10993.754150726134
10993.754150726134
10993.754150726134
10993.754150726134
10993.754150726134
10993.754150726134
10993.754150726134
10993.754150726134
10993.754150726134
10993.754150726134
10993.754150726134
10993.754150701341
10993.754150701341
10993.754150701341
10993.754150701341
10993.754150701341
10993.754150701341
10993.754150701341
10993.754150701341
10993.754150692857
10993.763866953119
10993.754150692857
10993.763471329992
10993.754150692857
10993.754150692857
10993.754150692857
10993.754150692857
10993.754150692857
10993.754150692857
10993.754150692857
10993.754150692796
10993.754134442102
10993.754134442102
10993.754134442102
10993.754134442102
10993.754134442113
10993.754134442102
10993.754134442102
10993.754134442102
10993.754134442102
10993.754134440382
10993.754134440382
10993.754134445013
10993.754134440382
10993.754285161316
10993.754134440382
10993.754134440382
10993.754134440382
10993.754134440382
10993.754134440382
10993.754134440382
10993.754134440382
10993.753632357886
10993.753632357886
10993.753632357886
10993.75363234799
10993.75363234799
10993.75363234799
10993.75363234799
10993.75363234799
10993.75363234799
10993.75363234799
10993.75363234799
10993.75363234799
10993.75363234799
10993.75363234799
10993.75459142664
10993.753632081078
10993.753632081078
10993.753632081078
10993.753632081078
10993.753632081078
10993.753632081078
10993.753632081078
10993.75363208097
10993.75363208097
10993.75363208097
10993.75363208097
10993.75363208097
10993.75363208097
10993.75363208097
10993.75363208097
10993.75363208097
10993.75363208097
10993.75363208097
10993.75363208097
10993.753632109094
10993.75363208097
10993.75363208097
10993.75363208096
10993.75363208096
10993.75363208096
10993.75363208096
10993.75363208096
10993.75363208096
10993.75363208096
10993.75363208096
10993.75363208096
10993.75363208096
10993.75363208096
10993.75363208096
10993.75363208096
10993.753632112515
10993.75363208096
10993.75363208096
10993.75363208096
10993.75363208096
10993.75363208096
10993.75363208096
10993.75363208096
10993.75363236063
10993.75363208096
10993.75363208096
10993.75363208096
10993.753616939708
10993.753616939708
10993.75361694173
10993.753616939708
10993.753616939708
10993.753616939708
10993.753616939708
10993.753616939708
10993.72074295957
10993.72074295957
10993.720742952115
10993.720742954696
10993.720742952115
10993.720742965708
10993.555724822978
10993.555724822978
10993.555724822978
10993.555724822978
10993.555724822978
10993.555724822978
10993.555724822978
10993.555724822978
10993.555724822978
10993.555724822978
10993.555724834963
10993.555724822978
10993.555724822978
10993.555724822978
10993.555724822978
10993.555724822978
10993.555724822978
10993.555724822978
10993.555724822978
10993.555724822978
10993.555724822978
10993.555724822978
10993.555724822978
10993.555724822978
10993.555724822978
10993.555724822978
10993.555724822978
10993.555724822978
10993.555724822978
10993.555724822978
10993.555724822889
10993.555724822889
10993.555724822889
10993.555724822889
10993.555724822889
10993.555724822889
10993.555724822889
10993.555724822889
10993.555724822889
10993.555724822889
10993.555885216745
10993.555724822889
10993.555724822889
10993.555680898042
10993.555680898042
10993.556632074467
10993.555680898042
10993.555680898042
10993.555680898042
10994.376353432774
10993.555680898042
10993.555653769654
10993.555653769654
10993.555653769654
10993.555653769654
10993.555653769654
10993.555653769654
10993.347307716875
10993.347303986095
10993.34730398788
10993.347303986247
10993.347303986095
10993.347303986095
10993.34730395713
10993.347304022489
10993.347303954391
10993.347303954391
10993.347303954391
10993.347303954391
10993.347326468162
10993.347303954391
10993.347303954391
10993.347303954391
10993.347304025245
10993.347303954391
10993.347303954391
10993.347303954391
10993.347303954391
10993.347527842818
10994.186883131968
10993.347303954391
10993.34730397581
10994.279980002138
10993.347303954391
10993.347303954391
10993.347303954391
10993.347303954391
10993.347303954391
10993.347303954391
10993.347309051951
10993.347303954391
10993.347303954391
10993.347303954391
10993.347303954391
10993.347303954391
10993.347303954391
10993.347303954391
10993.347303954391
10993.347303954391
10993.347303954391
10991.021944046845
10991.021944046845
10991.021944046845
10991.021944046845
10991.021944046845
10991.021944046845
10991.021944046845
10991.021944046845
10991.021944046845
10991.021944046845
10991.021944046845
10991.021944410175
10991.021944046845
10991.021944046845
10991.021944046845
10991.021944046845
10991.021944046845
10991.021944046845
10991.021944046845
10991.021944046845
10990.233031732158
10990.233031732158
10990.233031732158
10990.233031732158
10990.233098869241
10990.233031732158
10990.233031732158
10990.233031732158
10990.213775674574
10990.213775674574
10990.213775674387
10990.213775674387
10994.327337075763
10990.213775674387
10990.213775674387
10985.163798624142
10985.163798624142
10985.163798864347
10985.163798610445
10985.163798610445
10985.163798610445
10985.163798610445
10985.163798610445
10985.163798610445
10985.163798610445
10985.163798610445
10985.163798610445
10985.163798610445
10985.163798610445
10985.163798610445
10985.163798610445
10985.163798610445
10985.163798610445
10985.163798610445
10985.163798610445
10985.163798610445
10985.163798610445
10985.163798610398
10985.163798610398
10985.163798610398
10985.163798610398
10985.163798610398
10985.163798610398
10985.163798610398
10985.163798610398
10985.163798610398
10985.163798610398
10985.16379860346
10985.16379860346
10985.16379860346
10985.16379860346
10985.16379860346
10985.16379860346
10985.163798594256
10985.163798594256
10985.163798594256
10985.163798594256
10985.163798594256
10985.163798594256
10985.163798594256
10985.163798594256
10985.163798594256
10985.163798594256
10985.163798594256
10985.163798594256
10985.163796945671
10985.163796945679
10985.163796945671
10985.163796945671
10985.163796945671
10985.163796945671
10985.163796945671
10985.163796945671
10985.163796945671
10985.163796943125
10985.163796943125
10985.163796943125
10985.688628868196
10985.163796943125
10985.163796943125
10985.163796943125
10985.163796943125
10985.163796943125
10984.848283327228
10984.848283327228
10984.848283327228
10984.848283327228
10984.848283327228
10984.850974269864
10984.848283327228
10984.848283327228
10984.848283319088
10984.848283319088
10984.848283319088
10984.848283319088
10984.848283319088
10984.848283319088
10984.848283319088
10984.848283319088
10984.849211457838
10984.848283319088
10984.848282912977
10984.848282912977
10984.848282912977
10984.848282912977
10984.848282912977
10984.848282912977
10984.848282912977
10987.565501185467
10984.84826099267
10984.84826099267
10984.848260992674
10984.84826099267
10984.848310616868
10984.84826099267
10984.84826099267
10984.84826099267
10984.848260992803
10984.84826099267
10984.84826099267
10984.84826099267
10984.84826099267
10984.84826099267
10920.368090732161
10920.368090732161
10920.368090728345
10920.368090728345
10920.368081052473
10920.368081052473
10920.368081052473
10920.368081052473
10920.279141630552
10920.279141671828
10920.279141630552
10920.279141630552
10920.279141630552
10920.279141630552
10920.279141630552
10920.979551268912
10920.279141630552
10920.574932752792
10920.279141630552
10920.279141630552
10920.279141631638
10920.279141630552
10920.279141630552
10920.594786512027
10920.279141630552
10920.279141630552
10920.279141630552
10920.279141630552
10920.279141618988
10920.623575222999
10920.279141618988
10920.279141618988
10920.279141618988
10920.279141618988
10920.27914161603
10920.27914161603
10920.27914161603
10920.27914161603
10920.279141616022
10920.279141616022
10920.279141616022
10920.279141616022
10920.279141616022
10920.279141616022
10920.279140991444
10920.279140991444
10920.279140991444
10920.279140991444
10920.279140991444
10920.279140991444
10920.279140991444
10920.279140991444
10920.279140991444
10920.588362847007
10920.279140991444
10920.279140991444
10920.279140991444
10920.279140991444
10920.279140991444
10920.279140991444
10920.279140991444
10920.279140949777
10920.279140949777
10920.279140949777
10920.279140949777
10920.279140949777
10920.279140949777
10920.279140949777
10920.279140949777
10920.279140949777
10920.279140949777
10920.279140949777
10920.279140949777
10920.279140949777
10920.279140949777
10920.279140949777
10920.279140949777
10920.279140949777
10920.279140949777
10920.279140949777
10920.279140949777
10920.279140949777
10920.276015801166
10920.276015801166
10920.276015801166
10920.276015801166
10920.276015801166
10920.276015801166
10920.276015801166
10920.276015801166
10920.276015801166
10920.276015801166
10920.276015801166
10920.276015801166
10920.276015801312
10920.276015801166
10920.297628512104
10920.276015801172
10920.276015754462
10920.276015754462
10920.276015804266
10920.276015754462
10920.276015754462
10920.276015754462
10920.276016138501
10920.276015754462
10920.276015754462
10920.276015754462
10920.276015754462
10920.276015754462
10920.276015754462
10920.276015754462
10920.276015756152
10920.276015754462
10920.276015754462
10920.276015754462
10920.276015754462
10920.27601573552
10920.276015735524
10920.27601573552
10920.276187178088
10920.27601573552
10920.27601573552
10920.27601573552
10920.27601573552
10920.27601573552
10920.27601573552
10920.27601573552
10920.27601573552
10920.27616936331
10920.276015735524
10920.27601573552
10920.27601573552
10920.27601573552
10920.27601573552
10920.27601573552
10920.27601573552
10920.27601573552
10920.27601573552
10920.27601573552
10920.27601573552
10920.27601573552
10920.27601573552
10920.27601573552
10920.27601573552
10920.27601573552
10920.276015735575
10920.27601573552
10920.276078421564
10920.27516230274
10920.27516230274
10920.27516230274
10920.27516230274
10920.27516230274
10920.27516230274
10920.27516230274
10920.27516230274
10920.27516230274
10920.27516230274
10920.27516230274
10920.27516230274
10920.27516230274
10920.27516230274
10920.27516230274
10920.27516230274
10920.275208292041
10920.27516230274
10920.275161841259
10920.275161841259
10920.275161841259
10920.275161841259
10920.275161841259
10920.275161841259
10920.275161841259
10920.275161841259
10920.275161841259
10920.275161841259
10920.275161841259
10920.275161841259
10920.275161841259
10920.275161841259
10920.275161841259
10920.275161841259
10920.275161841259
10920.275161841259
10920.275161841259
10920.275161841259
10920.275161841259
10920.275161841259
10920.275161841259
10920.275161841259
10922.59044542647
10920.275161841259
10920.275161841259
10920.275161841259
10920.275161841259
10920.275161841259
10920.275161841259
10920.275161841259
10920.27516184126
10920.275161841259
10920.275161841259
10920.275161841259
10920.275161841259
10920.275161841259
10920.275161841259
10920.275161841259
10920.275161841259
10920.275161841259
10920.275161841259
10920.275161841259
10920.275161841259
10920.275161841259
10920.275161841259
10920.275161841259
10920.275161841259
10920.275161841259
10920.275161841259
10920.275161860425
10920.275161841259
10920.275161841259
10920.275161841259
10920.275161841259
10920.275161841259
10920.275161841266
10920.275161841306
10920.275161841259
10920.275161841259
10920.275161841259
10920.275161841259
10920.275161841259
10920.275161841259
10920.275161841259
10920.275161841195
10920.275161841195
10920.275161841195
10920.275161841195
10920.275161841195
10920.275161841195
10920.275161841195
10920.275161841195
10920.275161841195
10920.275161841195
10920.275161841195
10920.275161841195
10920.275161841195
10920.275161841195
10920.275161841195
10920.275161841195
10920.275161841195
10920.275161841195
10920.275161841195
10920.275161926867
10920.34754698964
10920.275265331267
10920.275161841195
10920.275161841195
10920.275161841195
10920.275968598997
10920.275161841195
10920.275161841195
10920.275161841195
10920.275161841195
10920.275161841195
10920.275161841195
10920.275161841195
10920.275161841195
10920.275161841195
10920.72056786981
10920.275161841195
10920.275161841195
10920.275161841195
10919.131654902774
10919.131654902774
10919.131654902774
10919.131654902774
10919.131646392865
10919.131646392865
10919.131646392865
10919.131646392865
10919.131557277042
10919.131557277042
10919.131557277042
10919.131557277042
10919.131557277042
10919.131557277042
10919.131557277042
10919.131557277042
10919.131557277042
10919.131557277042
10919.131557277042
10919.131557267145
10919.131557267145
10919.131557267145
10919.059781137244
10919.059781137319
10919.059781137244
10919.059781137244
10919.059781137244
10919.059781134798
10919.059781134798
10919.059781134798
10919.059781134798
10919.059781134798
10919.059781134798
10919.059781134798
10919.059781134798
10919.059781134798
10919.059781134798
10919.059780941538
10919.059780941538
10919.059780941538
10919.059780941538
10919.059780941538
10919.059780941538
10919.059766920329
10919.059766920329
10919.059766920329
10919.059766920329
10919.059766920329
10919.04691041532
10919.04691041532
10919.04691041532
10919.04691041532
10919.04691041532
10919.04691041532
10919.046910414043
10919.046910417048
10919.046910414043
10919.046910414043
10919.046910414043
10919.046910414043
10919.046910424253
10919.046910414043
10919.046910414043
10919.046910414043
10919.046910414043
10919.046910414043
10919.046910414043
10919.046910414043
10919.046910414
10919.046910414
10919.046910414
10919.046910414
10919.046910414
10919.046910414
10919.046910414461
10919.046910414
10919.081906995421
10919.046910414
10919.046910414
10919.046910414
10919.046910423547
10919.046910414
10919.046910414
10919.046910414
10919.046910414
10919.046910414
10919.04702141252
10919.046910414
10919.046910414
10919.046910414
10919.046910414
10919.046910414
10919.046910410985
10919.046910410985
10919.046910410985
10919.046910410985
10919.046910410985
10919.046910410985
10919.046910410985
10919.046910410985
10919.046910410985
10919.046910410985
10919.046910410985
10919.046910410985
10919.046910410985
10919.046910410985
10919.046910410985
10919.046910410987
10919.046910410985
10919.046910410985
10919.046910399915
10919.046910399915
10919.046910399915
10919.046910406492
10919.046910399915
10919.046910399915
10919.046910399915
10919.046910399915
10919.046910399915
10919.046910399915
10919.046910399915
10919.04691039988
10919.04691039988
10919.04691039988
10919.046910399882
10919.04691039988
10919.04691039988
10919.04691039988
10919.04691039988
10919.04691039988
10919.046910398658
10919.046910398658
10919.046910398658
10919.04691039865
10919.046910398434
10919.046910398434
10919.046910398434
10919.046910398434
10919.046910398434
10919.046910398434
10919.046910398434
10919.046910398554
10919.046910398418
10919.046910397028
10919.046910397028
10919.046910397028
10919.046910397028
10919.046910397028
10919.046910397028
10919.046910397028
10919.046910397028
10919.046910397028
10919.046910397028
10919.046910397028
10919.046910397028
10919.046910397028
10919.04691039339
10919.04691039339
10919.04691039339
10919.04691039339
10919.04691039339
10919.04691039339
10919.04691039339
10919.04691039339
10919.04691039339
10919.04691039339
10919.046910393345
10919.046910393345
10919.046910393345
10919.046910393345
10919.046869781718
10919.046869781718
10919.046869781718
10919.046869781718
10919.046869781718
10919.046869781718
10919.046869781718
10919.046869781718
10919.046869781718
10919.046869781718
10919.046869781718
10919.046869781718
10919.046869781718
10919.046869766493
10919.046869766493
10919.046869772177
10919.046869766618
10919.046869766493
10918.956660013353
10918.956660013353
10918.956660013353
10918.956657835754
10918.956657835754
10918.956657835754
10918.956657835754
10918.956657835754
10918.295470704066
10918.295470704066
10918.295470704066
10918.295470704066
10918.295470704066
10918.295470704066
10918.295470704066
10918.295470704066
10918.295470704066
10918.295470704066
10918.295466763378
10918.295466763378
10918.295466763378
10918.295466763378
10918.295466763378
10918.295466763378
10918.295466763378
10918.295466763378
10918.295466763378
10918.295676719245
10918.295466763378
10918.295355551869
10918.29535555184
10918.29535555184
10918.295399004268
10918.29535555184
10918.29535555184
10918.29535555184
10918.29535555184
10918.29535555184
10918.29535555184
10918.29535555184
10918.29535555184
10918.29535555184
10918.29535555184
10918.29535555184
10918.29535555184
10918.29534693362
10918.29534693362
10918.29534693362
10918.29534693362
10918.29534693362
10918.29534693362
10918.295346969246
10918.29534693362
10918.29534693362
10918.29534693362
10918.295353307813
10918.29534693362
10918.29534693245
10918.29534693245
10918.295346928366
10918.295346928366
10918.295346928366
10918.295346928366
10918.295346928366
10918.295346928366
10918.295346928366
10918.295346928366
10918.295346928366
10918.295346928366
10918.295346928366
10918.295346928366
10918.295346928366
10918.295346928366
10918.295346928366
10918.295346928366
10918.295346928366
10918.295346928366
10918.898206209866
10918.294408152962
10918.294408152962
10918.294408152962
10918.294408152962
10918.294408152962
10918.294408152962
10918.294408152962
10918.294408152962
10918.294408152962
10918.294408152962
10918.294408152962
10915.710175362603
10915.710175362603
10915.710175362603
10915.710175362603
10915.710175362603
10915.710175362603
10915.710175362603
10915.71017536258
10915.71017536258
10915.71017536258
10915.71017536258
10915.71017536258
10915.710175280596
10915.710175280596
10915.710175280596
10915.710175280596
10915.710175280596
10915.710179991536
10915.710175280596
10915.710175280596
10915.710175280596
10915.710175280596
10919.122272266679
10915.710175280596
10915.710175280596
10915.710175280596
10915.710175280596
10915.710175280596
10915.710175280596
10915.710175280596
10915.710175280596
10915.710175280596
10915.710175280596
10915.710175280596
10915.710175280596
10915.710175280596
10915.710175280596
10915.710175280596
10915.710175280596
10915.710241511348
10915.710175280596
10915.710175280596
10915.710175280596
10915.710175280596
10915.710175280596
10915.710175280596
10915.710175280596
10915.710175280596
10915.710175280596
10915.710175280596
10915.710175280596
10915.710175280596
10915.710175280596
10915.710175280596
10915.710175280596
10915.710175280596
10915.710175280596
10915.710175280596
10915.710175280596
10915.710175280596
10916.99054196652
10915.710175280632
10915.710175280596
10915.710175280596
10915.710175280596
10915.710175280596
10915.710175280992
10915.710175280596
10915.710175280596
10915.710175280596
10915.710175280596
10915.710175280596
10915.710175280596
10915.710175280596
10915.710175280596
10915.710175280596
10915.710175280596
10915.710175280596
10915.710175280596
10912.537266193041
10912.537266193041
10912.537239169797
10912.537239169797
10912.537239169797
10912.537239169575
10912.537239169575
10912.537239169575
10912.537239169575
10912.537238996545
10912.537238996545
10912.537238996545
10912.537238996545
10912.537238996545
10914.220345266027
10912.537238995454
10912.537238995454
10912.537238995454
10912.537238995454
10912.537238995454
10912.537238995454
10912.537238995454
10912.537238995454
10912.537239071871
10912.537238995454
10912.537238995454
10912.537238995454
10912.537238995454
10912.55104482537
10912.537238995454
10912.537238995454
10912.537238995454
10912.537238986011
10912.537238986011
10912.537238986011
10912.537238986011
10912.537238986011
10912.537238986011
10912.539414302459
10912.537238986011
10912.537238986011
10912.537223006055
10912.537223006055
10912.537223006055
10912.537223007039
10912.537223009751
10912.536585148704
10912.536591821476
10912.536585148704
10912.536585170683
10912.536585148704
10912.536585148848
10912.536585148704
10912.536585148704
10912.536585148704
10912.536585148704
10912.536585138656
10912.536585138656
10912.536585138656
10912.536585138656
10912.10534388098
10912.10534388098
10912.10534388098
10912.105343748355
10912.105343748355
10912.105343748355
10912.105343748355
10912.105343748355
10912.396830144795
10912.105343753037
10912.105343748355
10912.105343748355
10912.105343748355
10912.105343724688
10912.105343724688
10912.105343724688
10912.105343724688
10912.105343724688
10912.105343724688
10912.105343724981
10912.105343724688
10912.105343724688
10912.105343724688
10912.105343724688
10912.105343724688
10912.10530628681
10912.10530628681
10912.10530628681
10912.10530628681
10912.10530628681
10912.10530628681
10912.10530628681
10912.10530628681
10912.10530622387
10912.10530622387
10912.10530622387
10912.10530622387
10912.10530622387
10912.10530622387
10912.10530622387
10912.10530623486
10912.10530622387
10912.10530622387
10912.10530623664
10912.10530622387
10912.10530622387
10912.10530622387
10912.10530622387
10912.105306243875
10912.10530622387
10912.105306222378
10912.105306222378
10912.105306222378
10912.105306222378
10912.10540124324
10912.105306222318
10912.105306222318
10912.105306222318
10912.105306271327
10912.105306222318
10912.105306222238
10912.105306222238
10912.105306222238
10912.105306222238
10912.105306222238
10912.105306222238
10912.105306222238
10912.105306222238
10912.105306222236
10912.281518835645
10913.540271649712
10912.105306222236
10912.105306222236
10912.105306222236
10912.105306222236
10912.105306222236
10912.105306222236
10912.105306222236
10912.105306222236
10912.105306222236
10912.105306222236
10912.105306222236
10912.105306222236
10912.105306222236
10912.105306222236
10912.119069538241
10912.105306222236
10912.10530568018
10912.10530568018
10912.10530568018
10912.10530568018
10912.10530568018
10912.10530568018
10912.10530568018
10912.105305674111
10912.105305674111
10912.105305674111
10912.105305674111
10912.27315591328
10912.105305674111
10912.105305674088
10912.105305674088
10912.105305674088
10912.105305674088
10912.105305736774
10912.105305674088
10912.105305674088
10912.105305674088
10912.105305674088
10912.105305674088
10912.105305674088
10912.105305674088
10912.105305674137
10912.105305674088
10912.105305674088
10912.105305674088
10912.105305674088
10912.105305674088
10912.105305674088
10912.105305674088
10912.105305674088
10912.105305674086
10912.105305674086
10912.105305674086
10912.105305674086
10912.105305674086
10912.105305674086
10912.105305674086
10912.105305674086
10912.105305674086
10912.105305674086
10912.105305674086
10912.105305674086
10912.105305674086
10912.105306239275
10912.105305674086
10912.105305674218
10912.105305674086
10912.105311886013
10912.105305674086
10912.105305674086
10912.105305674086
10912.105305674086
10912.105305674086
10912.105305674086
10912.105305674086
10912.105305674086
10912.105305674086
10912.105305674086
10912.105305674086
10912.105305674086
10912.105305674086
10912.105305674086
10912.105305684297
10912.105305670724
10912.105305670724
10912.105305670724
10912.105014610863
10911.975488755108
10911.975128618671
10911.975128618671
10911.975128632654
10911.975128618671
10911.975128618671
10911.975128618671
10911.975128618671
10911.975128618671
10911.975128618671
10911.975128618671
10911.975128618671
10911.975128618671
10911.975128618671
10911.975128460352
10911.975128460352
10911.975128460352
10911.975128460352
10911.975128460352
10911.975128460352
10911.975128460352
10911.97512845773
10911.97512845773
10911.97512845773
10911.975128457794
10911.97512845773
10911.97512845773
10911.97512845773
10911.97512845773
10911.975128449876
10911.975128449876
10911.975128449876
10911.975128449876
10911.975128449876
10911.975128449876
10911.975128418773
10911.975128418773
10911.975128418773
10911.975128418773
10911.975128418773
10911.975128418773
10911.975128418773
10911.975128418773
10911.975128418773
10911.975128418773
10911.975128418773
10911.975128418773
10911.975128418773
10911.975128346843
10911.975128346843
10911.975128346843
10911.975128346843
10911.975128346843
10911.975128346843
10911.975128346843
10911.97517068875
10911.975128346843
10911.975128345397
10911.975128345397
10911.975128345397
10911.975128345344
10911.975128345344
10911.975128345344
10911.975128345344
10911.975128345344
10911.975128345344
10911.975128345344
10911.975128345344
10911.975128345344
10911.975128345344
10911.975128345415
10911.975128345344
10911.975128345344
10911.975128345346
10911.975128345344
10911.975128345344
10912.230229529308
10911.975128345344
10911.975128345344
10911.943841006283
10911.943841006283
10911.943841006283
10911.943841006283
10911.943841006283
10911.943841013303
10911.943841006283
10911.943841006283
10911.943841006283
10911.943841006283
10911.943841006283
10911.943841006283
10911.643673457187
10911.643673457187
10911.643673457187
10911.643673508057
10911.643673457187
10911.603032685689
10911.603032685689
10911.603032685689
10911.603032685689
10911.603032685689
10911.603032685689
10911.603032702278
10910.29993943271
10910.299938973534
10910.299938973534
10910.299938973534
10910.299938973534
10910.299938973534
10910.299938973534
10910.299938973534
10910.299938973534
10910.299938973534
10910.299938971786
10910.299938971786
10910.299938971786
10910.299938971772
10910.299939000739
10910.299938971772
10910.299938971772
10910.299938971772
10910.299938971772
10910.299938971772
10910.299938971772
10910.299938971772
10910.299938971772
10910.299938971772
10910.299938971772
10910.299938971772
10910.299938971772
10910.299938971772
10910.299938971772
10910.299938971772
10910.299938839436
10910.299938839436
10910.299938839436
10910.299938839436
10910.299938839436
10910.299938839436
10910.299938839436
10910.299938865553
10910.299938839436
10910.299938839436
10910.299938839436
10910.299938824626
10910.300342966248
10910.299938824626
10910.299938824626
10910.299938824626
10910.299938824626
10910.299938824626
10910.299938824626
10910.299938824619
10910.299938824619
10910.299938824619
10910.299938824619
10910.299938824619
10910.299938824568
10910.299938824568
10910.299938824568
10910.299938824568
10910.29991573671
10910.29991573671
10910.300015707937
10929.075725292641
10910.29991573671
10910.29991573671
10910.29991573671
10910.310302091637
10910.29991573671
10910.29991573671
10910.29991573671
10910.29991573671
10910.29991573671
10910.29991573671
10910.29991573671
10910.29991573671
10910.29991573683
10910.299915733685
10910.299915733685
10910.299915733685
10910.09685259409
10910.09685259409
10910.09685259409
10910.09685259409
10910.09685259409
10910.09685259409
10910.09685259409
10910.09685259409
10910.09685259409
10910.09685259409
10910.09685259409
10910.09685259409
10910.096870750975
10910.09685259409
10910.09685259409
10910.09685259409
10910.09685259409
10910.09685259409
10910.096852696493
10910.09685259409
10910.09685259409
10910.09685259409
10910.09685259409
10910.09685259409
10910.09685259409
10910.09685259409
10910.09685259409
10910.09685259409
10910.09685259409
10910.09685259409
10910.09685259409
10910.09685259409
10905.505121851105
10905.505122503746
10905.505121898457
10905.505121851105
10905.505121851096
10905.50507371974
10905.50507371974
10905.50507371974
10905.50507371974
10905.50507371974
10905.50507371974
10905.505073725928
10905.50507371974
10905.50507371974
10905.505073719729
10905.505073719729
10905.505073719729
10905.505073719729
10905.505073719729
10905.505073719729
10905.505073719729
10905.505073719729
10905.505073719729
10905.505073719729
10905.505073719729
10905.505073719729
10905.505073719729
10905.505073719729
10905.505073719729
10905.505073719729
10905.505073719729
10905.505073719729
10905.505073719729
10905.505073719729
10905.505073719729
10905.50493372862
10905.50493372862
10905.50493372862
10905.504836169179
10905.504836169179
10905.504836169179
10905.504941623843
10905.504836169179
10905.504836169179
10905.504836169179
10905.504836169179
10905.504836169179
10905.504836169179
10905.50451339088
10905.50451339088
10905.50451339088
10905.50451339088
10905.50451339088
10905.50451339088
10905.50451339088
10905.50451339088
10905.50451339088
10905.50451338955
10905.50451338955
10905.50451338955
10905.50451338955
10905.50451338955
10905.50451338955
10905.50451338955
10905.50451338955
10905.50451338955
10905.50451338955
10905.50451338955
10905.50451338955
10905.50451338955
10905.50451338955
10905.504513380807
10905.504513389906
10905.504513380807
10905.504513390906
10905.504513380807
10905.504513380807
10905.504513380807
10905.504513380807
10905.504513380807
10905.504513380807
10905.504513421025
10905.504513380807
10905.509829455983
10905.504513866106
10905.504513380807
10905.504513380807
10905.504513380807
10905.504513380807
10905.504513380807
10905.504513377613
10905.504513377613
10905.504513377613
10905.504513377613
10905.504513377613
10905.504513377613
10905.504513377613
10905.504513377613
10905.504513377613
10905.504513377613
10905.504694129735
10905.50451337761
10905.50451337761
10905.50451337761
10905.50451337761
10905.50451337761
10905.50451337761
10905.50451337761
10905.504513377613
10905.50451337761
10905.50451337761
10905.50451337761
10905.50451337761
10899.42254797896
10899.42254797896
10899.42254798125
10899.114812364664
10899.114812364664
10899.114812364664
10899.114812364664
10899.114812364664
10899.114812364664
10899.114812364664
10899.114812364664
10897.332916816491
10897.332916816491
10897.332916816491
10897.332916816491
10897.332916816491
10897.332916816491
10897.332916816491
10897.332916816558
10897.332916816491
10897.332916816491
10897.332916816491
10897.332916816427
10897.332916816427
10897.332916816427
10897.332916816427
10897.332916816427
10897.332916816427
10897.332916816427
10897.332916816427
10897.332916816427
10897.332916816427
10897.332916816427
10897.332916816427
10897.332916816427
10897.332916816427
10897.332916816427
10897.332916816427
10897.332916816427
10897.332916816427
10897.332916826788
10897.332916816427
10897.332916816427
10896.60169468934
10896.60169468934
10896.60169468934
10896.60169468934
10896.60169468934
10896.60169468934
10896.60169468934
10896.60169468934
10896.60169468934
10896.60169468934
10895.573861589619
10895.573861589619
10895.573861589619
10895.573861589619
10895.573861589677
10895.57386157797
10895.57386157797
10895.57386157797
10895.57386157797
10895.57386157797
10895.57386157797
10895.57386157797
10895.57386157797
10895.57386157797
10895.57386157797
10895.573861603529
10895.57386157797
10895.57386157797
10895.57386157797
10895.57386157797
10895.57386157797
10895.573861577945
10895.573861577945
10895.582141393814
10895.573861577945
10895.573861578214
10895.573861579494
10895.573861577945
10895.573861577945
10895.573861577945
10895.353581902476
10895.353581902476
10895.353581902476
10895.353581902476
10895.353581907122
10895.353581902476
10895.353581959462
10895.353581902476
10895.353581902476
10895.353581902476
10895.353581902476
10895.353581902476
10895.353581902476
10895.353581902476
10895.353581902476
10895.353581901298
10895.353581901298
10895.353581901298
10895.353581901298
10895.375024472043
10894.792942833516
10894.792942833516
10894.792942833516
10894.792942833516
10894.792942833516
10894.792942833516
10894.792942833516
10894.792942833516
10894.792942833516
10894.792942833516
10894.792942833516
10894.792942833516
10894.792942833516
10894.792942833516
10894.792942833516
10894.792942833516
10894.792942833516
10894.792942833516
10894.754202038825
10894.754202038825
10894.754202038825
10894.754202038825
10894.754202039045
10894.754202038825
10894.754202038825
10894.754202038825
10894.754202038825
10894.754202032756
10894.754202032756
10894.754202032756
10894.754202032402
10894.75420151582
10894.754081992596
10895.732996271878
10894.754081992596
10894.754081992596
10894.754081992596
10894.754081992596
10894.754081992596
10894.754081992596
10894.754081992574
10894.754081992574
10894.754081992574
10894.754081992574
10894.754081992574
10893.76876693602
10893.76876693602
10893.76876693602
10893.76876693602
10893.768766928886
10893.768766928886
10893.768766928886
10893.768766928886
10893.768766928886
10893.768766928886
10893.768766928886
10893.768766928886
10893.76876692996
10893.768766928886
10893.768766928886
10893.768766928886
10893.768766928886
10893.768766928886
10893.768766928886
10893.768766928886
10893.768766928886
10893.768766928886
10893.768766928886
10893.768766928886
10893.768766928886
10893.768766928886
10893.768766928886
10893.768766928886
10893.768766928886
10893.768766928886
10893.768766928883
10893.768766928883
10893.768766928883
10893.768766928883
10893.768766928883
10893.768766928883
10893.768766928883
10893.768766928883
10893.768766928883
10893.768766928883
10896.429705305825
10893.768766932066
10893.768766928883
10893.768766928883
10893.768766928817
10893.768766921254
10893.768766921254
10893.768766921254
10893.768766921254
10893.768766921254
10893.768766927209
10893.768766921254
10893.768766967394
10893.768766921254
10893.768766840016
10893.768766840016
10893.768766840016
10893.232667221866
10893.402357516075
10893.232667221866
10893.232667221866
10893.232667220283
10893.232667220283
10893.232667220283
10893.232667220283
10893.232667220283
10893.232667220283
10893.232667220283
10893.232667220283
10893.232667220283
10892.030795601226
10892.030795601226
10892.030795601226
10892.030795601226
10892.030795601226
10892.030795601226
10892.030795601226
10892.030795601226
10892.030795601226
10892.030795601226
10892.030795601226
10892.030795601226
10892.030795601226
10891.975529913758
10891.975529913758
10893.274969305803
10891.975529913758
10891.975529914082
10891.975529913758
10891.975529913758
10891.975529913758
10893.958513065572
10891.975529913758
10891.975529913758
10891.975529913758
10891.975529913758
10891.975529913758
10891.975529913758
10891.975529913758
10891.975529912852
10891.975529912852
10891.975529912852
10891.975529912046
10891.975529912046
10891.975529912046
10891.975529912046
10891.975529912046
10891.975529912046
10889.319901280804
10889.319901280804
10889.319901280804
10887.263184612382
10887.263184612382
10887.263184552712
10887.263184552712
10887.263184552712
10887.263184552712
10887.263184552741
10887.263184552712
10887.263184552712
10887.263184552712
10887.263184249381
10887.263184249381
10887.263184249381
10887.263184249377
10887.263184249377
10887.263184475474
10887.263184249377
10887.263184249377
10887.26311451571
10887.26311451571
10887.207903857388
10887.207903857388
10887.207903857388
10887.207903857388
10887.207903857388
10887.20798419682
10887.207903857388
10887.207903857388
10887.207903857388
10887.207903857528
10887.207903858058
10887.207903857388
10887.207903857388
10887.207903857388
10887.207903857388
10887.207903857388
10887.207903857388
10887.20790385855
10887.207903857388
10887.207900147032
10887.207900147032
10887.207900147032
10887.207900147032
10887.207900147032
10887.207900147032
10887.207900147032
10887.207900147032
10887.207900147032
10887.207900147032
10887.207900147032
10887.207900147032
10887.207900147032
10887.207900147032
10887.207900135409
10887.207900135409
10887.207900135409
10887.207900135409
