6.554743576851762e-12
6.564639336669915e-12
6.554743576851762e-12
6.554743576851762e-12
6.554743576851762e-12
6.554743576851762e-12
6.554743576851762e-12
6.5594040817348145e-12
6.554839341807201e-12
6.554743576851762e-12
6.554743576851762e-12
6.554743576851762e-12
6.554743576851762e-12
6.554743576851762e-12
6.554743568244986e-12
6.554743568244986e-12
6.554743568244986e-12
6.554743568244986e-12
6.554743568244986e-12
6.554743568244986e-12
6.554743568244986e-12
6.554743568244986e-12
6.554743568244986e-12
6.554743568244986e-12
6.554743568244986e-12
6.554743568244986e-12
6.554743585725639e-12
6.554743568244986e-12
6.554743568244986e-12
6.559611336817387e-12
6.554743568244986e-12
6.554743568244986e-12
6.554743568244986e-12
6.554743568244986e-12
6.5538681414235826e-12
6.5538681414235826e-12
6.5538681414235826e-12
6.5538681414235826e-12
6.55386813991602e-12
6.498928446966404e-12
6.498928446966404e-12
6.498928446966404e-12
6.498928446966404e-12
6.498928446966404e-12
6.498928446966404e-12
6.498928446209822e-12
6.498928446209661e-12
6.498928446209661e-12
6.498928446209661e-12
6.490184204234525e-12
6.492941393920306e-12
6.4901842042345214e-12
6.4901842042345214e-12
6.4901842042345214e-12
6.4901842042345214e-12
6.4901842042345214e-12
6.491341601600177e-12
6.4901842042345214e-12
6.489125882539845e-12
6.504756246675628e-12
6.489125882539845e-12
6.489125882539845e-12
6.4885592218280995e-12
6.48697129143847e-12
6.48697129143847e-12
6.48697129143847e-12
6.486971291432373e-12
6.486971291432373e-12
6.486971291432373e-12
6.486971291432373e-12
6.486971291432373e-12
6.486971291432373e-12
6.486971291432373e-12
6.486971291432373e-12
6.486971291432376e-12
6.486971291432373e-12
6.486971291432373e-12
6.486971291432373e-12
6.486971291432373e-12
6.486971291432373e-12
6.48349872219468e-12
6.48349872219468e-12
6.48349872219468e-12
6.48349872219468e-12
6.48349872219468e-12
6.48349872219468e-12
6.48349872219468e-12
6.4834987221892226e-12
6.4834987221892226e-12
6.4834987221892226e-12
6.485133101428269e-12
6.4834987221892226e-12
6.483498722189484e-12
6.4834987221892226e-12
6.488284281348207e-12
6.4834987221892226e-12
6.4834987221892226e-12
6.4834987221892226e-12
6.483498722188078e-12
6.483498722188078e-12
6.483498722188078e-12
